26240893569144
56407391726839
46898813459186
64175361624301
14975342027107
31681912981529
86679071543350
92222571462670
22741774290761
39208066827312
63374711482873
69788386854680
46205128129017
48044244071438
63027125960968
53212529930966
36559093676418
55218161259135
27431175321903
45581550033223
8484670001592
92826805679165
70740691622211
55383162533335
36031890411013
74497628435287
26289546826963
13294436374415
48124642066502
97182940110672
16002837696046
61023027942220
45363662490070
5896930964656
72790553001823
86341623334422
89629078819591
55747613459275
67987962030229
9447505888570
75475937872652
17517578254338
39908661929349
56356480288506
82754320147895
37023489473810
46324713815785
87785897926012
4145089553578
43316471964519
56863195078251
96446737998528
65441656568336
96595148522844
48409144535268
57949486288135
64142562147790
99511024284789
1351807453794
94559994790546
22124243362235
28346986839249
75041303958187
20411872346263
23052645719785
40556750023739
27165213292814
99755795143998
81341107661968
76920261589004
98705636664329
82277454716483
34264734044244
23301125769374
18105130135919
20183809798758
74893958880714
68960882045110
71003433516026
13468589218964
54637682665195
84236767598180
24365476068770
60725082981066
57045764724359
19225657894965
12394457502812
78971523896084
77678093984118
81629900716363
2677134125387
33018135529312
31304218052917
18050336098919
53422676048477
66829045771534
36600806668971
56085328758499
43953086444066
96267264121202
26140034527799
3149688041119
49826734832330
3620443072060
69397098112626
41474432410330
68681585672690
42350373259775
51735245099367
96046880161743
91809283461869
14262696875527
94010369763289
8681967112186
23180824583408
5313054278104
65333171247498
74524143389441
36141497050225
80829863142960
73732458824356
33004103396952
85724365707020
77591704618561
3506249104880
62169115480134
30617118125307
87171862300862
19087122431995
8817852140254
84700104071030
76411810075427
18329490921415
12857094318089
81949171574562
39733219579719
73122453708504
32587129119906
87577240381618
54858912654998
17213831701404
28990852085878
68104384661108
81443467342083
85000402118391
52193059233348
75608921392231
63574901482093
30121536247987
73469167198133
33617051105726
4234774263458
5361292352782
80185849075163
92129403308177
58319044068978
23324418219664
36790001471640
8796945969735
52050441551949
42073630886823
74569698835854
95264233528373
96993787380201
98572397329245
7212447716738
34283206395243
61913870156450
24688719738813
83432233065715
55379916147819
90002619749583
6359382529996
9926364817308
97709333867249
56775233272715
61683679607641
23797789181421
86946626050720
35503300259409
38277046120224
21933046064339
70266561738756
19273516808599
10152728345635
76404376076053
68915135176251
28118583008476
47340315472066
63348890819701
72566253339721
93328524393456
23173626148544
64005033998166
7557680342454
73511973927595
50447392627718
41353376490638
88506632514920
2142061990219
32202353962576
27576507499262
54182571523779
71884330244337
82596375585605
41321405774889
22423781623761
66470464694570
9882302143488
69075172907977
69101876106058
61936650867914
73036485681536
76013245987954
22535181792405
8442028473145
31598113711997
78596898699870
28004291089875
80552831470868
32864772089080
79217068843424
67516430644354
71091430131176
93782370783421
69466729848003
29688217439474
89296395271231
72811305379225
26867748198969
83543356568581
44363435246127
94967793720012
33180038250721
57690869266160
60466765302428
91763291276322
2206365658051
37825483344919
69261880037572
19595572490217
40273865654876
8791768151639
13652428067939
70697145860599
68013719002183
53868493304997
37790469111637
26414935117704
10746760821695
7456359411582
47307011804331
84040630424852
82720758739649
14505025331939
28164057055207
85763773264322
88176651350546
57436672279053
24281126290847
69227889916535
60003532974419
64072755501798
75881691572553
49565161495100
33664801904373
77292416938383
21385516946793
11131080966639
89413640993082
43396009100511
75920516186983
78274204507037
72577791531806
98100102952325
84610727009202
62669717266539
22291433088072
33178175317889
60045055462694
22256088385036
65712056140871
52550308466425
31879115689427
10750312288790
37033453621395
62060613792922
11977407920113
6218853349590
53108750219919
10981148893700
39139536446157
56318333521616
9745115451128
25185125717382
87173354827763
1471976723577
32074428776721
45238465789291
46482538586494
30950514412575
13804993115088
96183052345614
88669486561464
89238702717042
51759198947552
67446116977090
86869590048555
98669499777773
77322997903149
74763489708962
5994916807309
38775461828098
22986419401685
33852298494066
94403984108021
6069161762158
11909282396478
45294913566995
2296111949956
28098677961882
33114294714521
58352027453992
96221687237444
73543509301750
83579842980434
82315514274299
22792503916152
2104640059308
94619371446594
35729069966249
48159247724723
41910318359959
94330094854112
64608258280807
71968720681737
97272195397350
18544237395294
35650125331957
77432197200185
13170158036554
46088102359456
59456794980046
82720140165662
32980099305623
15528766435269
62806260235211
92771167964658
78234259924556
12171094975815
34004997285418
9107405999821
49018614035853
44479966947020
22177391528921
32086942764419
18000208566856
32938046986252
28632558896359
52060899583551
85029651724816
86066462797838
97299413037508
68893862098253
39777247923762
92857570252173
76206320356989
33453317275945
86353187832005
38775185328770
66193981185832
8327258953351
30921645452941
52172362273922
55930552953285
27453893369944
83167499558652
4297742436709
52177447868221
38146526063022
62546386571166
5983299247625
19652600439764
12372558447542
31153748691635
16901558172479
36170217440244
54898489042453
51151640127507
8186498525717
49295362256488
22755378360555
11913680794478
98873450007612
3802961490370
83257108851537
1862099848442
54500555456188
40448306540298
82746285134644
78995522676848
95430959886288
16975412974822
57605245986583
21092314828195
94625557528212
37345802571349
52207385800604
47047602132310
56625077940774
14634788234427
34000874477022
9510486892341
64712220080013
44280198042321
25082784657402
43566485048674
55756089351476
27278897633556
13406082432153
19664508626750
90655815301517
80695375088095
63857013327343
30680344766180
35173914819399
40330815853762
32575958740029
59511755160499
19475978048513
91065020484012
85701158689978
96121754794574
69300851724712
4061418279228
79602519649554
70390899678476
69959036017499
52288009198341
82798666864993
72651583559717
90398499869772
90798579913998
35753201188849
91686541162040
77305746784460
74737149002852
59879771704890
56060851000023
49895875620937
98482595708257
63825149010245
5388489552486
63546786769614
95945602498366
46150306699878
14131418679869
96410782684260
54401409030394
63427592386922
66770399367985
53172023321414
42504884654344
98424756985921
80193480351313
12653493191744
77595283104924
44083812206049
49898317134070
45348583001310
57279516719885
88860443161874
63257428562761
62986023818971
71283447521075
89454443454180
30721951295106
54662070760219
63113822917821
81690310384209
15769323519969
33189662685891
1419926886657
86016405811574
53064141840805
70903134378141
96806716773257
49934911564781
48279719265366
47641177108914
43044942344168
40224444864016
65994392229125
97391062103818
64840595749671
615572988542
34829686299795
5523574140859
97616016023171
95165275889915
94884881735138
35873335192860
13749703975990
57932349174732
2795546021861
56694795365765
31845682955966
57248931008284
19016222048332
75561949872384
67241855059499
39423796655258
13027055598428
67937705381702
42889347700135
72801779471235
40374611886388
90751249757210
57506296376885
18769832145417
87773018267036
3615836777928
87006270202706
87665585424177
59798821690637
77819564984294
84593960368924
41381091315406
71990707014931
11559043358871
26529662603415
39760694909814
24588633749230
61312951694335
43857609132676
19733438488465
39194123410053
16156497920564
72144269673099
57161326301363
16302049231673
91320940570639
56966999640545
46586930225167
71817794991314
99466966843308
31137877448556
31538262406402
26395956082827
21212993125260
24053005178756
94434597697544
61840080568393
94191776221572
87496238310232
12342325813661
25191190855772
53896182066836
69053754259028
59885789119947
80804024900136
4757813944116
20142516635915
82887645085024
70395399285598
70485024197640
94908384667843
44719869033710
93355842109616
69298340260771
48355370794839
60106326468678
4520247426982
6672223821672
5729028434034
3664183351584
78078526321686
32648913022721
16031421932715
34286642659471
68443729891359
76369315703372
3134191107787
7197111912490
6458071622017
60232835933042
30691643866854
5748842550790
26426592632310
32543608937418
26962314508266
6473300348072
30059719933268
24170236775524
28593808459584
86365251251762
51253487834747
67736883709995
75518651684814
26351178493909
54886490498915
63001742980370
17159807010870
8579125128830
45002411491805
7549881295186
23234948575870
63059400754829
3913753503011
56499877932764
55379997304614
57721271794194
74174311982529
78213407808091
45276554219552
4933228871885
82639246343108
59848418487217
12339375234210
33706971998755
43690509471246
46001471145939
19415874415113
50842221704666
11854332099546
27947821435350
81811292959735
88490329862983
42428904073163
53852589356501
38768299787251
64949406918728
28894331220766
36187796227916
90913873260927
78585328992345
73379073960522
21575653481794
96860397440178
45148609243104
85189821853245
18950766377152
68455936794929
67325080947646
6677070304399
30489442312532
43219562965958
73322338444662
11226761530781
34465942042877
68245474059447
17140956790523
90974028797344
66377841690903
5077945747482
15122804223128
144810649427
3749607601004
50210357877739
89797321832181
9765796293218
37505335001345
70292648945029
45604774807187
61697426236268
26466783395983
56569611232074
11217164147162
24907390069092
58938024540854
1533778202871
79276168453338
49449626938749
11286010589025
24072151125085
28657880981853
43352919378969
1253744749407
40640407817582
64492821186473
45518397334114
66614926969544
61635414814994
84528352757435
25071371429973
26354220709346
41558291526650
31029046770266
87390307246641
95735627774562
99873189506660
55617832349888
99986523126069
66516810820705
98037396921966
53566943208145
91861744513914
75619921287181
73448465648686
13454847730000
25259934492259
24979991564675
95765552258809
74878049984319
77915992198799
25045660863134
61029402824434
11830323005415
96626886098482
94277986119074
55085680232566
96351622559148
75341988923777
71515886896903
40837747941052
34821335393887
20212950477610
52879679257526
58311571604095
51059771602140
6557548905665
18958817767374
63517366839447
92194793023123
52702305325679
27536554561484
74710756215226
85030581391346
20087850115550
19310708800906
42083569037515
4202789149591
34720129108092
36550398941119
5119718758664
35450264768077
47593725874876
59981570367640
56978117139895
96197476161182
7443825885713
68219410319578
72727013528533
53894435029521
62337296898619
28150798905254
51265253665583
65632940954634
5558468838240
23892264346426
29428988851021
26818915632270
25079595470470
2745285817074
19983853874716
16154578319773
88512587772148
459889315803
94088006984530
56521509382476
75274033107932
48600663529273
41052984982417
36836930073590
75373202883518
53851567618479
2595172186823
96005800476656
38529127031102
77202391348888
83308797217978
20091967137783
63566310187892
70879389628920
25370893794905
26502218069199
52311345295141
81121612194501
69453008564100
43033033732944
65775619881135
92560010407995
56143522385359
78411003959653
84872091769867
24994493417096
14307201350504
26622905277281
61388252939935
38680553453171
91909427332330
38081175266534
10244850257823
99713947760931
52319312296441
3525905479417
92290063499490
48357913056250
88551668070536
40747247079246
83076847979684
40641184542890
12587715097819
57149746127411
29972732179583
27053045669573
15271508761247
21513718412771
61899986442908
40078848679336
23151578718612
95170902782275
1872906251228
22234026101025
16467866963418
71980790508138
1740107143906
20452858315736
52672822085245
62581275054565
17788214928152
93387886471328
17869505727916
30398650759804
64691418138719
68155525404153
77665677433756
77238679053418
60515603020486
53398618833186
57905956044042
90867155995734
7998594108136
56089060455803
48146228180162
91966818925773
3802551150564
37480887195559
88562311425134
43118676654126
60661646560633
73650206011495
9330040957329
18168597749330
36784187718062
50942946253344
93304192319195
64000901580834
87397896004484
43085725799610
13626081911329
94857065719752
97570341544716
14442890505783
61228548936241
73233684921199
10028823385484
59993204100532
19961603634938
1945965359208
64680726486995
28315224044826
75476475470804
8504548520121
76503130828256
36054954534927
46960645315321
52490464907389
32942782515313
72007147582737
19062999139984
51863612804558
52643001847472
73707441333620
73597451113931
75111548415768
63447620445131
58533225147028
76183187807579
35817413652624
51474225194707
66604613097226
24005446635206
97047104473553
58209905685138
69119967152795
53295847438941
78017070647795
33042674296366
87568849244920
63988099743006
47531663953817
42156986291601
93368821586900
2083953251243
97617708769560
26311836450745
35027657438141
78339318791628
3657830152338
74306129192781
83388577918952
29599757062310
47560989717338
23492671296015
52982495744959
5372590575847
41484575391672
14643973527090
93335421838733
6138294918782
40671521380578
38974885765185
10951473915819
86021666095692
47256913818383
84036306849919
29036275296187
70749652135758
3656129152536
59337414151008
39365883162022
32744246196513
32200588454533
83700423725300
69310359275555
39429811280687
48562742013435
20221127154323
82169504812242
61788494323990
94624666171519
89779145548444
93203898374730
74888699570144
90784509546365
85920974358518
80597048598203
96809391045692
8575416968930
48845167931999
8919720795674
72226084938045
48504083974806
51162256249368
4508507308033
10752840890987
33302599905567
49575122275576
37887883696511
53674169350817
5464936244630
1564533256841
13736242689839
91032202310236
32221872390462
45013148976089
18640204221666
43917919976533
8546499386458
89744666015577
60404879963425
76641848967772
35019986814265
52031330195519
75379641106859
48121268250894
13386246338033
95939529376621
92119185932860
34272190705158
17241931197356
50595385309454
17773815275264
73259952528197
33242731678662
72425703039152
7652844527022
27256937303373
44263193016080
96504089422090
47983109728321
55855808074839
29710215520514
5370604761931
42490642247229
47360089950658
68898242068625
53486971090431
87699817409809
2621346092830
78646770014570
9959853899520
49017953615960
36662357710629
4476978897495
17341637667144
875060321292
2226704856684
55669809518561
