15761106213469
62654526933757
30896863654521
38794599423497
32410065654180
94662107777546
28928253685808
72767843709724
27123460348913
94191323355990
6438046663522
74512638954266
45354498523011
50344179644197
43027313115062
78218935154729
3470013770810
40028991534869
35702407788654
33552570785585
86056053667903
34093129565869
6602862697810
27846019966805
92070488458499
75722765388509
74108451817114
76024904056610
32687359540001
41492174248490
86574745087460
64184376973563
71229799812304
83939464016644
62051918440990
27589429926665
1019690377301
15639622010811
17195329707539
60458276250730
36854568145058
26011548926449
71421062932104
10538101104666
70610048809620
91400188111315
48464489460986
1689924017542
2423038646880
74911870176824
61417706501519
85459306687178
4106592260105
1119548597420
59748565216268
88684974683925
34516205603657
52065530093703
20046142225303
90100325688416
68622396352443
70458432343885
96164454099413
50281495036380
35103763510868
14550735432628
47202345978290
11351149673107
40673453848482
87421609635110
33981119337753
67387441866170
39655988432225
27750401298331
60088757410515
96981027544872
2880438409937
54672745154136
71434109104885
1389802001785
96614422061725
16470360614942
56721251407834
87284519528492
92659854237261
61665572334925
14526353494625
77827804887019
95635651117174
60250793647589
58923779803795
9967198633652
67996560075600
50850825354189
80220487839758
19640723918449
35430739831558
47163335393008
38644368392032
1752180030547
29867904061215
79806642581899
72327193029474
81749212085522
68125913438308
9417441974298
67842785606327
35848259833341
23460956819083
73192020909323
56205643254378
79452689374297
47623517463603
48176447166319
40005214365599
32554612527451
47826746366783
30910960279826
20668840403728
59525112142232
23339140140793
44570274903208
69936553351598
68824755961220
86537897224049
53467657752599
58399719560530
60063180302707
43228980749877
93269284713236
82215965805463
11568361640153
58006820819794
51405906592365
22301886298732
26519223753490
70960983863219
16081533243417
96371497028296
22051378162426
24598718658407
30501652758283
38256442673052
87201251720616
32437987812696
87761906871935
68972392459390
81505596752381
8035100128900
75477640444928
6055491967637
18475406288249
93371732262052
60701691206382
94823662555445
83226800809259
53067455562174
79579496220321
32681298101108
54335149460219
1909898794380
62161531432134
97513302184040
86088701599487
45268902201175
74184620255337
97751964895941
93530288675922
62143814908921
67171508297890
95778850808502
43310163007865
20362715719165
13679531790057
34516621439657
13975174444015
84735163777586
7612112769216
41002705428924
98771722918910
81968128490628
34796598133541
49111280141591
42757242571502
23759375807497
9425184666727
25067733657251
52379438279199
60383085161714
59590442714389
66088823305691
57027538743398
87641834361114
43841751648574
54042518714799
65469165296238
80635436084747
29785302961844
64107859348253
37643182557930
41508586955249
93958217480972
10339143382476
13576950193675
55070573966907
66079167216944
4015914745531
63594334862048
75297899645410
18389608573272
33173850301066
80748552836472
33575368463360
62457566270992
29958206391107
88203384128725
77083747398804
68230779350408
21135510506366
96340312067202
69005274366900
48222573651694
23545716724787
83784817914794
31822377037183
82622741393799
77050752753334
52499830314761
94887507974033
18457642094072
54678992367406
62330358868144
8016761417926
61392041818495
82531007414617
24604897954566
40043426772409
9740175285226
98161103264409
8964395757789
29831418165674
55126368446207
97231806316959
15711490827477
91601112917472
59021456948748
81904879000371
49711049440612
45874274970761
15215426425157
730206265728
71465318491349
6656749957001
43217505829517
107822745408
67113312561628
71696935897706
75055127136291
4946855266127
56095843265407
32776006287463
23029408704773
17688367704508
17615012974227
60573200591374
33849666365655
53895846208578
42005783979691
53292153043954
27150041804050
65694901239760
84374072741952
11349983165858
5947285740556
31655879644829
73435987382150
48096286410120
44586968849636
53836454923560
20353481139435
87454470776595
48434311507849
11046524894705
80392866728677
17279975868068
44473675845977
89838007364630
46280799214663
58346703416398
91755730403727
50066969619562
35100860378195
90164765997860
43669430533427
8845944342213
38550132974934
15709811858129
34391438653189
96101186592066
57732207837761
78192878463069
39318755918197
65336754593799
67272202750286
61187126585168
3061670061083
29539837427108
12637822422779
98377804413265
29117590184303
67681381301085
61997741983973
57094249622447
25862307903801
65798573085057
56234664599837
9521354412296
42305019981648
14706059995877
64462526973733
62991979148727
31336113113842
70686988148482
50467505690303
28901133429469
36419783894649
58081630130366
1178385722593
93095673363896
64834166157800
67105629915712
2729423595713
81421158907558
83190334441404
11813921293931
79780735932237
54100974828630
50313769727621
15111609015729
7916390826232
29123212983140
31271898267311
94099694878533
34642772249605
57352499710694
76647761648166
24617899538377
16155470141455
60128927516059
73963089409396
33337945843313
59198670747205
36866345949983
80031693725596
95982868168787
29385791001491
72707280771058
56243881007803
82432226061621
92321461926315
73715227491777
37740116039493
92635559296693
85818340742981
84189046573912
35963552584861
25791812176395
88086676341662
66171261367207
67042666555220
7391298355641
97657076921496
28119704818607
92871775718490
56485573881734
10477093507018
83617410692899
65913775641250
19602892110619
13066880269354
81044399203292
80239825930049
3799643859640
55937591625813
49213245293539
54610244489605
66003206005642
41628317198716
48239448575536
4837831891078
85130207067412
1537542934052
54469729832740
18213818991751
84537166300524
96239333321218
96174656353989
99145991348807
25560683535749
41079738396536
32533718494027
98887336756554
83561525619895
66977564981244
81298563049276
28732892839362
4906732057110
69706505705897
52314515849790
24053784640050
80699990726070
20790890075858
43925820811684
60594963434091
46860878862293
77544998102085
57789000750470
85855129603847
61728764031475
55882008111588
60595601612176
56465455261023
56536673013641
97984589076163
12262220732900
53242065263628
64252089663737
88388319267475
36679954249701
49448303032030
84279746099038
33607311181330
56058835165606
15566769261940
3712957553293
43939716204120
82764804079737
59577674271185
80063359503314
22495529522759
86318711473769
13947280351592
35349542320579
37167640603374
66312422878407
1118364193905
83427827185188
66918947931359
8363784906932
50067242664990
8466034991213
91839261759440
95612385342877
45594894644254
4652370947409
16364193603753
14935741783928
46730372373785
92936813743980
65892332500027
76589866356342
73386093654058
5646499870813
78998948623006
74320242951827
32543596812630
576617700216
24575248226311
96342251714082
5712537987089
19655772854118
33020798408523
63159758734231
56309819949668
89607901286519
96112191825462
8886010819016
30692645509268
95096419173210
8882173470601
7159624574914
95685126195823
90199927370156
22595496470532
58945907827722
83110484527929
56671740881023
28884773505440
34263502989983
71210999012561
42128570446386
40486958757263
91013417427345
69290343122209
63745630145973
19924806952210
15367382571202
90252750251367
72122158013512
65208591089613
80072205774557
67595287270949
96208370612170
53223294889534
56236141451237
25716056912178
51341460935072
67221375470447
51449636502063
14673140263448
38772844736053
57537597499751
42129254719199
75838343432299
48742177320539
14892942970404
32517511506313
63982140666334
64195372964704
38276153037838
974408587893
13455545310843
30918703908496
25513371925960
20523106753356
14642981118117
60835511042187
38267685382264
23620583110210
53598341927863
14467546152674
33599337291517
75832099490746
33146844863091
3211470187604
92018095009920
64019644382282
82209514001077
9584644517038
25554465124362
79759508902406
93597607023432
97534111546267
37226955511725
28942001553676
45488585522778
6277407002343
93593242244333
65248176361614
4580191339746
48113506726582
29914127360635
39355511616447
575398178488
61168459892059
6596602422285
5341035101164
68939298917635
24917925799720
79031959181214
50824763980725
62283549422086
35356132569045
47219833898533
18247550593762
17850024616082
33437547270498
23088633613214
24785583466651
51246162444435
2234424779200
1079947704228
98756286425399
22231053671506
53085956352041
92130784740651
48525176336788
24608555199213
65169462783188
7026483703911
66939855366196
72423023278791
91834241061260
52393879215981
79093791254068
63359861572746
54495858462878
78119673758000
80879886947827
70546341757360
71008018981593
92033482936674
29053545562813
11961235772920
22869509360877
84557873005354
87400286163049
37946468988189
6044722460541
73816770699485
60536612533662
21100146686284
55226715671480
3733536010700
29546671023472
52003323399290
6115222983317
2880674570168
87127085982266
54893502677286
82077391287883
16444283569506
95840057001184
40443664401372
25956657597720
89373905392780
51500135738472
5567748996814
70772974310818
13438389738653
42837926946752
19484133248663
34120400837456
95894546188782
28417517712270
83262807308569
38427769424318
80783111575065
5676555024824
36229515424584
7870862763789
65139373585736
36483725541418
35729557154124
82268902783975
87416441849
32901907148593
431219109983
5143604351682
17284648245150
49104767153189
42270568247029
33518785551900
57213948115596
60464707204947
86072716474190
22387835356477
48763983134708
38540561413951
68958305469186
75024909326707
78076304773243
71452730103257
13912047470336
89070010550770
49817450392182
64874843058333
79708403427852
15856959513207
72968649670071
8594144498662
62287220847801
93672903849868
62851986089324
49307661151032
60342488439060
58926666712938
50762001532019
11055910232710
15499456957225
55213051276575
51067236167069
58344615005049
87260059105349
64263821957157
94250901033531
19684471912016
69279455559397
52866632988839
61646134292302
86678820227463
78091110770330
50917062889327
36635469149167
84352644169795
15856798904794
96589660767357
7721444663064
82287328289755
24591495584865
33800444576005
24093284381078
50834059538890
75287040818518
9285207938646
5262548985790
35988629998470
95969498168213
8217533934116
644769430140
56486176751034
42300433125867
82013672689372
3923292625050
45674040156738
70188407500178
2605857738321
59613071942468
55892988957121
15502927845465
16278883132545
65873846690039
34176527547164
7018275703144
37573342475398
64813263959183
91466714520377
38774313664668
54576806902032
37825761303654
7849353737954
17598892263289
53802476012013
11697301377789
72248043225396
81188132201620
12658659533119
28024445653639
83027859812014
68985932983153
25875156371138
71060328863190
55398915404043
62700698846235
73170376494869
66637896537246
61545478257732
2980184854887
92834816692199
39807636468779
61220417119621
39406618114527
92696420080146
34775636881839
3105742735407
87473771493715
14743135732024
89906518423283
66057427751684
42873921832480
82336428801844
84816068055159
36501709100209
7494438585349
47830213043271
47024363663512
52752966532705
53121331652269
13696640778126
85205226268534
40464371247053
18731474977782
85096475287846
43622851844936
72602980196921
57936738587943
57637369548467
12881848884994
36635285040723
40059486418679
5657753479552
33314420451794
93423018344324
73495566674664
16340976029354
68026926446337
70308806487971
34086401479438
82481535989432
73658420465809
75926486800321
51594579137787
57131738924785
27441773825742
15214363695702
46123983148471
8619617755657
32760008427791
5622391157718
99732651777842
97455089693531
88788160040375
85683222430754
5992823270238
12245111514298
27630845241952
13470483225573
66491870315644
58186418392612
56326005278112
61721298992664
81348164265059
98009957135677
8018880580285
38274171503632
67344121182924
46690996633523
2038984797099
50098413420716
18228618211725
27583034779045
64061019990469
51046045971596
29310172553950
23416433963206
86989209252244
41123338776233
36985319331619
45177902156194
3858844311938
31184856767930
60306906037217
29418715973267
14249972680371
57556207805839
60672049959296
56359540874567
60148165161703
90962071090140
49697836787711
28207908313579
55855049090672
82678519089268
58536456010854
44092092833768
18482918946683
69622763298459
83106963709789
8635709535444
3919198485077
45029452406328
64297716815013
74147206696172
34018118115523
15020579483110
12011519765683
13224502732523
41180117263531
43597913620103
21588598697871
78344659126243
83554012099379
71859300886415
54257206614940
50406285313969
81111182664597
96222276672841
42798070658572
62255166308679
46526160359659
64685945575046
35560057542165
72584505082360
24480957828096
20910156938446
35522739137387
77365370124699
29989485899273
69170678876134
80745674191986
46901333649537
82172403757551
10266603035137
65744227057216
71944147446995
94900886544398
50766158402524
90624469239504
68651639119798
7015065946777
71224558594507
29759604821461
59114903590036
38019097641243
73568312226257
64014538665000
49936925431745
74650173219141
7525577564279
3681219632616
43012188665242
67757339244701
41295028111737
34817487344979
72781106544223
72927385277877
54082095643635
82782674022741
12488446411960
79295976498258
73170397567857
95624376103676
37908133028034
28447718943411
49342974422767
60407707286343
92848600345139
16311403188994
12932524112525
79468896895323
74441279039033
58367075515013
89595162492279
69154095065066
76192994553723
42655927129011
18923610224695
81515695451674
67331301686693
26717201387985
9956714795366
81588515434974
55125748557153
95354646115944
38811731587184
9145211154307
62651441822348
18837538431436
50856505584188
76781111818201
30781008050858
92240359272381
74126040682373
97475580235462
1680107046385
72555831225353
14292206972234
30855616402141
51703417622288
71800974515856
86249391098312
24428860856445
60895340827808
83450744447557
67636797773114
48341519541349
40269632171790
62542345310883
38937127993824
6762401846190
99576309703791
56770114291743
81487511326375
76301553708065
53387240233071
60771905497731
42558107368204
42525063298212
97427852981293
96832445999664
2961429000359
78388594697374
90155129133805
62451865773938
51068820260657
29134903617780
99412468023660
93004980062774
49230471358424
72875274157523
5199298113376
31240221061131
99912717621287
82429076370552
97480658813512
21248769616866
76723060327541
5393561633106
56201991478630
18424331757768
41328138795501
11675298444284
87389887651679
87462603277401
10901387201061
84501033266011
15466947780220
81536011777480
31152955322136
51705329873910
66337030837605
77032699201829
58947441314152
17958058996087
92174488426831
62455210551594
40527680910338
63290821478628
37401763495728
16060228741717
